00111111011111111110101110100001 
00111111011111110100100010111111 
00111111011111100000001101100011 
00111111011111000001110001011100 
00111111011110011001010011100000 
00111111011101100110111010001010 
00111111011100101010101101011101 
00111111011011100100110110111101 
00111111011010010101100001110010 
00111111011000111100111010100011 
00111111010111011011001111010111 
00111111010101110000101111110000 
00111111010011111101101100101011 
00111111010010000010011000011011 
00111111001111111111000110101001 
00111111001101110100001100001100 
00111111001011100001111111001100 
00111111001001001000110110111010 
00111111000110101001001011101101 
00111111000100000011010110111110 
00111111000001010111110011000111 
00111110111101001101110110110100 
00111110110111100010011000000010 
00111110110001101110000011101100 
00111110101011110001110101000011 
00111110100101101110101000100110 
00111110011111001010110111111000 
00111110010010101110011011010010 
00111110000110001001111010001001 
00111101110010111110101000111010 
00111101010011000010101100110011 
00100100100011010011000100110001 
10111101010011000010101100110011 
10111101110010111110101000111010 
10111110000110001001111010001001 
10111110010010101110011011010010 
10111110011111001010110111111000 
10111110100101101110101000100110 
10111110101011110001110101000011 
10111110110001101110000011101100 
10111110110111100010011000000010 
10111110111101001101110110110100 
10111111000001010111110011000111 
10111111000100000011010110111110 
10111111000110101001001011101101 
10111111001001001000110110111010 
10111111001011100001111111001100 
10111111001101110100001100001100 
10111111001111111111000110101001 
10111111010010000010011000011011 
10111111010011111101101100101011 
10111111010101110000101111110000 
10111111010111011011001111010111 
10111111011000111100111010100011 
10111111011010010101100001110010 
10111111011011100100110110111101 
10111111011100101010101101011101 
10111111011101100110111010001010 
10111111011110011001010011100000 
10111111011111000001110001011100 
10111111011111100000001101100011 
10111111011111110100100010111111 
10111111011111111110101110100001 
00111111011111111010111010001000 
00111111011111010010010000000100 
00111111011110000001010101110010 
00111111011100001000111110110010 
00111111011001101010010111100101 
00111111010110100111000101000101 
00111111010011000001000011100000 
00111111001110111010100101001001 
00111111001010010110010000111110 
00111111000101010111000000111001 
00111110111111111111111111111111 
00111110110100101001010000111001 
00111110101000110001000010101110 
00111110011000111101110010000111 
00111101111111101010011111101001 
00111100110011000011101101110011 
10111101100110010000110000010111 
10111110001100011101000011010011 
10111110100010101010101110011010 
10111110101110110000110111111010 
10111110111010011001010001110001 
10111111000010101110010001001111 
10111111000111111001110100000111 
10111111001100101011111110100101 
10111111010001000001101101111101 
10111111010100111000010001100010 
10111111011000001101001100100001 
10111111011010111110010111011101 
10111111011101001010000001101011 
10111111011110101110110010010101 
10111111011111101011101001010110 
10111111100000000000000000000000 
10111111011111101011101001010110 
10111111011110101110110010010101 
10111111011101001010000001101011 
10111111011010111110010111011101 
10111111011000001101001100100001 
10111111010100111000010001100010 
10111111010001000001101101111101 
10111111001100101011111110100101 
10111111000111111001110100000111 
10111111000010101110010001001111 
10111110111010011001010001110001 
10111110101110110000110111111010 
10111110100010101010101110011010 
10111110001100011101000011010011 
10111101100110010000110000010111 
00111100110011000011101101110011 
00111101111111101010011111101001 
00111110011000111101110010000111 
00111110101000110001000010101110 
00111110110100101001010000111001 
00111111000000000000000000000000 
00111111000101010111000000111001 
00111111001010010110010000111110 
00111111001110111010100101001001 
00111111010011000001000011100000 
00111111010110100111000101000101 
00111111011001101010010111100101 
00111111011100001000111110110010 
00111111011110000001010101110010 
00111111011111010010010000000100 
00111111011111111010111010001000 
00111111011111110100100010111111 
00111111011110011001010011100000 
00111111011011100100110110111101 
00111111010111011011001111010111 
00111111010010000010011000011011 
00111111001011100001111111001100 
00111111000100000011010110111110 
00111110110111100010011000000010 
00111110100101101110101000100110 
00111110000110001001111010001001 
00100100100011010011000100110001 
10111110000110001001111010001001 
10111110100101101110101000100110 
10111110110111100010011000000010 
10111111000100000011010110111110 
10111111001011100001111111001100 
10111111010010000010011000011011 
10111111010111011011001111010111 
10111111011011100100110110111101 
10111111011110011001010011100000 
10111111011111110100100010111111 
10111111011111110100100010111111 
10111111011110011001010011100000 
10111111011011100100110110111101 
10111111010111011011001111010111 
10111111010010000010011000011011 
10111111001011100001111111001100 
10111111000100000011010110111110 
10111110110111100010011000000010 
10111110100101101110101000100110 
10111110000110001001111010001001 
10100101010100111100100111001010 
00111110000110001001111010001001 
00111110100101101110101000100110 
00111110110111100010011000000010 
00111111000100000011010110111110 
00111111001011100001111111001100 
00111111010010000010011000011011 
00111111010111011011001111010111 
00111111011011100100110110111101 
00111111011110011001010011100000 
00111111011111110100100010111111 
00111111011111110100100010111111 
00111111011110011001010011100000 
00111111011011100100110110111101 
00111111010111011011001111010111 
00111111010010000010011000011011 
00111111001011100001111111001100 
00111111000100000011010110111110 
00111110110111100010011000000010 
00111110100101101110101000100110 
00111110000110001001111010001001 
00100101101100000111110101111101 
10111110000110001001111010001001 
10111110100101101110101000100110 
10111110110111100010011000000010 
10111111000100000011010110111110 
10111111001011100001111111001100 
10111111010010000010011000011011 
10111111010111011011001111010111 
10111111011011100100110110111101 
10111111011110011001010011100000 
10111111011111110100100010111111 
00111111011111101011101001010110 
00111111011101001010000001101011 
00111111011000001101001100100001 
00111111010001000001101101111101 
00111111000111111001110100000111 
00111110111010011001010001110001 
00111110100010101010101110011010 
00111101100110010000110000010111 
10111101111111101010011111101001 
10111110101000110001000010101110 
10111111000000000000000000000000 
10111111001010010110010000111110 
10111111010011000001000011100000 
10111111011001101010010111100101 
10111111011110000001010101110010 
10111111011111111010111010001000 
10111111011111010010010000000100 
10111111011100001000111110110010 
10111111010110100111000101000101 
10111111001110111010100101001001 
10111111000101010111000000111001 
10111110110100101001010000111001 
10111110011000111101110010000111 
10111100110011000011101101110011 
00111110001100011101000011010011 
00111110101110110000110111111010 
00111111000010101110010001001111 
00111111001100101011111110100101 
00111111010100111000010001100010 
00111111011010111110010111011101 
00111111011110101110110010010101 
00111111100000000000000000000000 
00111111011110101110110010010101 
00111111011010111110010111011101 
00111111010100111000010001100010 
00111111001100101011111110100101 
00111111000010101110010001001111 
00111110101110110000110111111010 
00111110001100011101000011010011 
10111100110011000011101101110011 
10111110011000111101110010000111 
10111110110100101001010000111001 
10111111000101010111000000111001 
10111111001110111010100101001001 
10111111010110100111000101000101 
10111111011100001000111110110010 
10111111011111010010010000000100 
10111111011111111010111010001000 
10111111011110000001010101110010 
10111111011001101010010111100101 
10111111010011000001000011100000 
10111111001010010110010000111110 
10111110111111111111111111111111 
10111110101000110001000010101110 
10111101111111101010011111101001 
00111101100110010000110000010111 
00111110100010101010101110011010 
00111110111010011001010001110001 
00111111000111111001110100000111 
00111111010001000001101101111101 
00111111011000001101001100100001 
00111111011101001010000001101011 
00111111011111101011101001010110 
00111111011111100000001101100011 
00111111011011100100110110111101 
00111111010011111101101100101011 
00111111001001001000110110111010 
00111110110111100010011000000010 
00111110010010101110011011010010 
10111101010011000010101100110011 
10111110100101101110101000100110 
10111111000001010111110011000111 
10111111001101110100001100001100 
10111111010111011011001111010111 
10111111011101100110111010001010 
10111111011111111110101110100001 
10111111011110011001010011100000 
10111111011000111100111010100011 
10111111001111111111000110101001 
10111111000100000011010110111110 
10111110101011110001110101000011 
10111101110010111110101000111010 
00111110000110001001111010001001 
00111110110001101110000011101100 
00111111000110101001001011101101 
00111111010010000010011000011011 
00111111011010010101100001110010 
00111111011111000001110001011100 
00111111011111110100100010111111 
00111111011100101010101101011101 
00111111010101110000101111110000 
00111111001011100001111111001100 
00111110111101001101110110110100 
00111110011111001010110111111000 
00100101101100000111110101111101 
10111110011111001010110111111000 
10111110111101001101110110110100 
10111111001011100001111111001100 
10111111010101110000101111110000 
10111111011100101010101101011101 
10111111011111110100100010111111 
10111111011111000001110001011100 
10111111011010010101100001110010 
10111111010010000010011000011011 
10111111000110101001001011101101 
10111110110001101110000011101100 
10111110000110001001111010001001 
00111101110010111110101000111010 
00111110101011110001110101000011 
00111111000100000011010110111110 
00111111001111111111000110101001 
00111111011000111100111010100011 
00111111011110011001010011100000 
00111111011111111110101110100001 
00111111011101100110111010001010 
00111111010111011011001111010111 
00111111001101110100001100001100 
00111111000001010111110011000111 
00111110100101101110101000100110 
00111101010011000010101100110011 
10111110010010101110011011010010 
10111110110111100010011000000010 
10111111001001001000110110111010 
10111111010011111101101100101011 
10111111011011100100110110111101 
10111111011111100000001101100011 
00111111011111010010010000000100 
00111111011001101010010111100101 
00111111001110111010100101001001 
00111110111111111111111111111111 
00111110011000111101110010000111 
10111101100110010000110000010111 
10111110101110110000110111111010 
10111111000111111001110100000111 
10111111010100111000010001100010 
10111111011101001010000001101011 
10111111100000000000000000000000 
10111111011101001010000001101011 
10111111010100111000010001100010 
10111111000111111001110100000111 
10111110101110110000110111111010 
10111101100110010000110000010111 
00111110011000111101110010000111 
00111111000000000000000000000000 
00111111001110111010100101001001 
00111111011001101010010111100101 
00111111011111010010010000000100 
00111111011111010010010000000100 
00111111011001101010010111100101 
00111111001110111010100101001001 
00111110111111111111111111111111 
00111110011000111101110010000111 
10111101100110010000110000010111 
10111110101110110000110111111010 
10111111000111111001110100000111 
10111111010100111000010001100010 
10111111011101001010000001101011 
10111111100000000000000000000000 
10111111011101001010000001101011 
10111111010100111000010001100010 
10111111000111111001110100000111 
10111110101110110000110111111010 
10111101100110010000110000010111 
00111110011000111101110010000111 
00111111000000000000000000000000 
00111111001110111010100101001001 
00111111011001101010010111100101 
00111111011111010010010000000100 
00111111011111010010010000000100 
00111111011001101010010111100101 
00111111001110111010100101001001 
00111110111111111111111111111111 
00111110011000111101110010000111 
10111101100110010000110000010111 
10111110101110110000110111111010 
10111111000111111001110100000111 
10111111010100111000010001100010 
10111111011101001010000001101011 
10111111100000000000000000000000 
10111111011101001010000001101011 
10111111010100111000010001100010 
10111111000111111001110100000111 
10111110101110110000110111111010 
10111101100110010000110000010111 
00111110011000111101110010000111 
00111110111111111111111111111111 
00111111001110111010100101001001 
00111111011001101010010111100101 
00111111011111010010010000000100 
00111111011111000001110001011100 
00111111010111011011001111010111 
00111111001001001000110110111010 
00111110101011110001110101000011 
00100100100011010011000100110001 
10111110101011110001110101000011 
10111111001001001000110110111010 
10111111010111011011001111010111 
10111111011111000001110001011100 
10111111011111000001110001011100 
10111111010111011011001111010111 
10111111001001001000110110111010 
10111110101011110001110101000011 
10100101010100111100100111001010 
00111110101011110001110101000011 
00111111001001001000110110111010 
00111111010111011011001111010111 
00111111011111000001110001011100 
00111111011111000001110001011100 
00111111010111011011001111010111 
00111111001001001000110110111010 
00111110101011110001110101000011 
00100101101100000111110101111101 
10111110101011110001110101000011 
10111111001001001000110110111010 
10111111010111011011001111010111 
10111111011111000001110001011100 
10111111011111000001110001011100 
10111111010111011011001111010111 
10111111001001001000110110111010 
10111110101011110001110101000011 
10100101111101110001011000010110 
00111110101011110001110101000011 
00111111001001001000110110111010 
00111111010111011011001111010111 
00111111011111000001110001011100 
00111111011111000001110001011100 
00111111010111011011001111010111 
00111111001001001000110110111010 
00111110101011110001110101000011 
00100110000111101101011101010111 
10111110101011110001110101000011 
10111111001001001000110110111010 
10111111010111011011001111010111 
10111111011111000001110001011100 
10111111011111000001110001011100 
10111111010111011011001111010111 
10111111001001001000110110111010 
10111110101011110001110101000011 
10100111001100001000100011101001 
00111110101011110001110101000011 
00111111001001001000110110111010 
00111111010111011011001111010111 
00111111011111000001110001011100 
00111111011111000001110001011100 
00111111010111011011001111010111 
00111111001001001000110110111010 
00111110101011110001110101000011 
10100110100011010100100000000111 
10111110101011110001110101000011 
10111111001001001000110110111010 
10111111010111011011001111010111 
10111111011111000001110001011100 
00111111011110101110110010010101 
00111111010100111000010001100010 
00111111000010101110010001001111 
00111110001100011101000011010011 
10111110011000111101110010000111 
10111111000101010111000000111001 
10111111010110100111000101000101 
10111111011111010010010000000100 
10111111011110000001010101110010 
10111111010011000001000011100000 
10111110111111111111111111111111 
10111101111111101010011111101001 
00111110100010101010101110011010 
00111111000111111001110100000111 
00111111011000001101001100100001 
00111111011111101011101001010110 
00111111011101001010000001101011 
00111111010001000001101101111101 
00111110111010011001010001110001 
00111101100110010000110000010111 
10111110101000110001000010101110 
10111111001010010110010000111110 
10111111011001101010010111100101 
10111111011111111010111010001000 
10111111011100001000111110110010 
10111111001110111010100101001001 
10111110110100101001010000111001 
10111100110011000011101101110011 
00111110101110110000110111111010 
00111111001100101011111110100101 
00111111011010111110010111011101 
00111111100000000000000000000000 
00111111011010111110010111011101 
00111111001100101011111110100101 
00111110101110110000110111111010 
10111100110011000011101101110011 
10111110110100101001010000111001 
10111111001110111010100101001001 
10111111011100001000111110110010 
10111111011111111010111010001000 
10111111011001101010010111100101 
10111111001010010110010000111110 
10111110101000110001000010101110 
00111101100110010000110000010111 
00111110111010011001010001110001 
00111111010001000001101101111101 
00111111011101001010000001101011 
00111111011111101011101001010110 
00111111011000001101001100100001 
00111111000111111001110100000111 
00111110100010101010101110011010 
10111101111111101010011111101001 
10111111000000000000000000000000 
10111111010011000001000011100000 
10111111011110000001010101110010 
10111111011111010010010000000100 
10111111010110100111000101000101 
10111111000101010111000000111001 
10111110011000111101110010000111 
00111110001100011101000011010011 
00111111000010101110010001001111 
00111111010100111000010001100010 
00111111011110101110110010010101 
00111111011110011001010011100000 
00111111010010000010011000011011 
00111110110111100010011000000010 
00100100100011010011000100110001 
10111110110111100010011000000010 
10111111010010000010011000011011 
10111111011110011001010011100000 
10111111011110011001010011100000 
10111111010010000010011000011011 
10111110110111100010011000000010 
10100101010100111100100111001010 
00111110110111100010011000000010 
00111111010010000010011000011011 
00111111011110011001010011100000 
00111111011110011001010011100000 
00111111010010000010011000011011 
00111110110111100010011000000010 
00100101101100000111110101111101 
10111110110111100010011000000010 
10111111010010000010011000011011 
10111111011110011001010011100000 
10111111011110011001010011100000 
10111111010010000010011000011011 
10111110110111100010011000000010 
10100101111101110001011000010110 
00111110110111100010011000000010 
00111111010010000010011000011011 
00111111011110011001010011100000 
00111111011110011001010011100000 
00111111010010000010011000011011 
00111110110111100010011000000010 
00100110000111101101011101010111 
10111110110111100010011000000010 
10111111010010000010011000011011 
10111111011110011001010011100000 
10111111011110011001010011100000 
10111111010010000010011000011011 
10111110110111100010011000000010 
10100111001100001000100011101001 
00111110110111100010011000000010 
00111111010010000010011000011011 
00111111011110011001010011100000 
00111111011110011001010011100000 
00111111010010000010011000011011 
00111110110111100010011000000010 
10100110100011010100100000000111 
10111110110111100010011000000010 
10111111010010000010011000011011 
10111111011110011001010011100000 
10111111011110011001010011100000 
10111111010010000010011000011011 
10111110110111100010011000000010 
10100111010000100010111100001111 
00111110110111100010011000000010 
00111111010010000010011000011011 
00111111011110011001010011100000 
00111111011110011001010011100000 
00111111010010000010011000011011 
00111110110111100010011000000010 
10100110010100111111011101110110 
10111110110111100010011000000010 
10111111010010000010011000011011 
10111111011110011001010011100000 
00111111011110000001010101110010 
00111111001110111010100101001001 
00111110101000110001000010101110 
10111110001100011101000011010011 
10111111000111111001110100000111 
10111111011010111110010111011101 
10111111011111101011101001010110 
10111111010100111000010001100010 
10111110111010011001010001110001 
00111100110011000011101101110011 
00111111000000000000000000000000 
00111111010110100111000101000101 
00111111011111111010111010001000 
00111111011001101010010111100101 
00111111000101010111000000111001 
00111101111111101010011111101001 
10111110101110110000110111111010 
10111111010001000001101101111101 
10111111011110101110110010010101 
10111111011101001010000001101011 
10111111001100101011111110100101 
10111110100010101010101110011010 
00111110011000111101110010000111 
00111111001010010110010000111110 
00111111011100001000111110110010 
00111111011111010010010000000100 
00111111010011000001000011100000 
00111110110100101001010000111001 
10111101100110010000110000010111 
10111111000010101110010001001111 
10111111011000001101001100100001 
10111111100000000000000000000000 
10111111011000001101001100100001 
10111111000010101110010001001111 
10111101100110010000110000010111 
00111110110100101001010000111001 
00111111010011000001000011100000 
00111111011111010010010000000100 
00111111011100001000111110110010 
00111111001010010110010000111110 
00111110011000111101110010000111 
10111110100010101010101110011010 
10111111001100101011111110100101 
10111111011101001010000001101011 
10111111011110101110110010010101 
10111111010001000001101101111101 
10111110101110110000110111111010 
00111101111111101010011111101001 
00111111000101010111000000111001 
00111111011001101010010111100101 
00111111011111111010111010001000 
00111111010110100111000101000101 
00111111000000000000000000000000 
00111100110011000011101101110011 
10111110111010011001010001110001 
10111111010100111000010001100010 
10111111011111101011101001010110 
10111111011010111110010111011101 
10111111000111111001110100000111 
10111110001100011101000011010011 
00111110101000110001000010101110 
00111111001110111010100101001001 
00111111011110000001010101110010 
00111111011101100110111010001010 
00111111001011100001111111001100 
00111110010010101110011011010010 
10111110101011110001110101000011 
10111111010010000010011000011011 
10111111011111100000001101100011 
10111111011010010101100001110010 
10111111000100000011010110111110 
10111101010011000010101100110011 
00111110111101001101110110110100 
00111111010111011011001111010111 
00111111011111111110101110100001 
00111111010101110000101111110000 
00111110110111100010011000000010 
10111101110010111110101000111010 
10111111000110101001001011101101 
10111111011011100100110110111101 
10111111011111000001110001011100 
10111111001111111111000110101001 
10111110100101101110101000100110 
00111110011111001010110111111000 
00111111001101110100001100001100 
00111111011110011001010011100000 
00111111011100101010101101011101 
00111111001001001000110110111010 
00111110000110001001111010001001 
10111110110001101110000011101100 
10111111010011111101101100101011 
10111111011111110100100010111111 
10111111011000111100111010100011 
10111111000001010111110011000111 
10100111001100001000100011101001 
00111111000001010111110011000111 
00111111011000111100111010100011 
00111111011111110100100010111111 
00111111010011111101101100101011 
00111110110001101110000011101100 
10111110000110001001111010001001 
10111111001001001000110110111010 
10111111011100101010101101011101 
10111111011110011001010011100000 
10111111001101110100001100001100 
10111110011111001010110111111000 
00111110100101101110101000100110 
00111111001111111111000110101001 
00111111011111000001110001011100 
00111111011011100100110110111101 
00111111000110101001001011101101 
00111101110010111110101000111010 
10111110110111100010011000000010 
10111111010101110000101111110000 
10111111011111111110101110100001 
10111111010111011011001111010111 
10111110111101001101110110110100 
00111101010011000010101100110011 
00111111000100000011010110111110 
00111111011010010101100001110010 
00111111011111100000001101100011 
00111111010010000010011000011011 
00111110101011110001110101000011 
10111110010010101110011011010010 
10111111001011100001111111001100 
10111111011101100110111010001010 
00111111011101001010000001101011 
00111111000111111001110100000111 
00111101100110010000110000010111 
10111111000000000000000000000000 
10111111011001101010010111100101 
10111111011111010010010000000100 
10111111001110111010100101001001 
10111110011000111101110010000111 
00111110101110110000110111111010 
00111111010100111000010001100010 
00111111100000000000000000000000 
00111111010100111000010001100010 
00111110101110110000110111111010 
10111110011000111101110010000111 
10111111001110111010100101001001 
10111111011111010010010000000100 
10111111011001101010010111100101 
10111110111111111111111111111111 
00111101100110010000110000010111 
00111111000111111001110100000111 
00111111011101001010000001101011 
00111111011101001010000001101011 
00111111000111111001110100000111 
00111101100110010000110000010111 
10111111000000000000000000000000 
10111111011001101010010111100101 
10111111011111010010010000000100 
10111111001110111010100101001001 
10111110011000111101110010000111 
00111110101110110000110111111010 
00111111010100111000010001100010 
00111111100000000000000000000000 
00111111010100111000010001100010 
00111110101110110000110111111010 
10111110011000111101110010000111 
10111111001110111010100101001001 
10111111011111010010010000000100 
10111111011001101010010111100101 
10111110111111111111111111111111 
00111101100110010000110000010111 
00111111000111111001110100000111 
00111111011101001010000001101011 
00111111011101001010000001101011 
00111111000111111001110100000111 
00111101100110010000110000010111 
10111111000000000000000000000000 
10111111011001101010010111100101 
10111111011111010010010000000100 
10111111001110111010100101001001 
10111110011000111101110010000111 
00111110101110110000110111111010 
00111111010100111000010001100010 
00111111100000000000000000000000 
00111111010100111000010001100010 
00111110101110110000110111111010 
10111110011000111101110010000111 
10111111001110111010100101001001 
10111111011111010010010000000100 
10111111011001101010010111100101 
10111111000000000000000000000000 
00111101100110010000110000010111 
00111111000111111001110100000111 
00111111011101001010000001101011 
00111111011100101010101101011101 
00111111000100000011010110111110 
10111101010011000010101100110011 
10111111001001001000110110111010 
10111111011110011001010011100000 
10111111011010010101100001110010 
10111110111101001101110110110100 
00111110000110001001111010001001 
00111111001101110100001100001100 
00111111011111100000001101100011 
00111111010111011011001111010111 
00111110110001101110000011101100 
10111110011111001010110111111000 
10111111010010000010011000011011 
10111111011111111110101110100001 
10111111010011111101101100101011 
10111110100101101110101000100110 
00111110101011110001110101000011 
00111111010101110000101111110000 
00111111011111110100100010111111 
00111111001111111111000110101001 
00111110010010101110011011010010 
10111110110111100010011000000010 
10111111011000111100111010100011 
10111111011111000001110001011100 
10111111001011100001111111001100 
10111101110010111110101000111010 
00111111000001010111110011000111 
00111111011011100100110110111101 
00111111011101100110111010001010 
00111111000110101001001011101101 
10100110100011010100100000000111 
10111111000110101001001011101101 
10111111011101100110111010001010 
10111111011011100100110110111101 
10111111000001010111110011000111 
00111101110010111110101000111010 
00111111001011100001111111001100 
00111111011111000001110001011100 
00111111011000111100111010100011 
00111110110111100010011000000010 
10111110010010101110011011010010 
10111111001111111111000110101001 
10111111011111110100100010111111 
10111111010101110000101111110000 
10111110101011110001110101000011 
00111110100101101110101000100110 
00111111010011111101101100101011 
00111111011111111110101110100001 
00111111010010000010011000011011 
00111110011111001010110111111000 
10111110110001101110000011101100 
10111111010111011011001111010111 
10111111011111100000001101100011 
10111111001101110100001100001100 
10111110000110001001111010001001 
00111110111101001101110110110100 
00111111011010010101100001110010 
00111111011110011001010011100000 
00111111001001001000110110111010 
00111101010011000010101100110011 
10111111000100000011010110111110 
10111111011100101010101101011101 
00111111011100001000111110110010 
00111110111111111111111111111111 
10111110001100011101000011010011 
10111111010001000001101101111101 
10111111100000000000000000000000 
10111111010001000001101101111101 
10111110001100011101000011010011 
00111111000000000000000000000000 
00111111011100001000111110110010 
00111111011100001000111110110010 
00111110111111111111111111111111 
10111110001100011101000011010011 
10111111010001000001101101111101 
10111111100000000000000000000000 
10111111010001000001101101111101 
10111110001100011101000011010011 
00111111000000000000000000000000 
00111111011100001000111110110010 
00111111011100001000111110110010 
00111110111111111111111111111111 
10111110001100011101000011010011 
10111111010001000001101101111101 
10111111100000000000000000000000 
10111111010001000001101101111101 
10111110001100011101000011010011 
00111110111111111111111111111111 
00111111011100001000111110110010 
00111111011100001000111110110010 
00111111000000000000000000000000 
10111110001100011101000011010011 
10111111010001000001101101111101 
10111111100000000000000000000000 
10111111010001000001101101111101 
10111110001100011101000011010011 
00111111000000000000000000000000 
00111111011100001000111110110010 
00111111011100001000111110110010 
00111111000000000000000000000000 
10111110001100011101000011010011 
10111111010001000001101101111101 
10111111100000000000000000000000 
10111111010001000001101101111101 
10111110001100011101000011010011 
00111111000000000000000000000000 
00111111011100001000111110110010 
00111111011100001000111110110010 
00111111000000000000000000000000 
10111110001100011101000011010011 
10111111010001000001101101111101 
10111111100000000000000000000000 
10111111010001000001101101111101 
10111110001100011101000011010011 
00111110111111111111111111111111 
00111111011100001000111110110010 
00111111011100001000111110110010 
00111111000000000000000000000000 
10111110001100011101000011010011 
10111111010001000001101101111101 
10111111100000000000000000000000 
10111111010001000001101101111101 
10111110001100011101000011010011 
00111110111111111111111111111111 
00111111011100001000111110110010 
00111111011011100100110110111101 
00111110110111100010011000000010 
10111110100101101110101000100110 
10111111010111011011001111010111 
10111111011110011001010011100000 
10111111000100000011010110111110 
00111110000110001001111010001001 
00111111010010000010011000011011 
00111111011111110100100010111111 
00111111001011100001111111001100 
00100101101100000111110101111101 
10111111001011100001111111001100 
10111111011111110100100010111111 
10111111010010000010011000011011 
10111110000110001001111010001001 
00111111000100000011010110111110 
00111111011110011001010011100000 
00111111010111011011001111010111 
00111110100101101110101000100110 
10111110110111100010011000000010 
10111111011011100100110110111101 
10111111011011100100110110111101 
10111110110111100010011000000010 
00111110100101101110101000100110 
00111111010111011011001111010111 
00111111011110011001010011100000 
00111111000100000011010110111110 
10111110000110001001111010001001 
10111111010010000010011000011011 
10111111011111110100100010111111 
10111111001011100001111111001100 
10100111010000100010111100001111 
00111111001011100001111111001100 
00111111011111110100100010111111 
00111111010010000010011000011011 
00111110000110001001111010001001 
10111111000100000011010110111110 
10111111011110011001010011100000 
10111111010111011011001111010111 
10111110100101101110101000100110 
00111110110111100010011000000010 
00111111011011100100110110111101 
00111111011011100100110110111101 
00111110110111100010011000000010 
10111110100101101110101000100110 
10111111010111011011001111010111 
10111111011110011001010011100000 
10111111000100000011010110111110 
00111110000110001001111010001001 
00111111010010000010011000011011 
00111111011111110100100010111111 
00111111001011100001111111001100 
10100101100011011000110010001010 
10111111001011100001111111001100 
10111111011111110100100010111111 
10111111010010000010011000011011 
10111110000110001001111010001001 
00111111000100000011010110111110 
00111111011110011001010011100000 
00111111010111011011001111010111 
00111110100101101110101000100110 
10111110110111100010011000000010 
10111111011011100100110110111101 
00111111011010111110010111011101 
00111110101110110000110111111010 
10111110110100101001010000111001 
10111111011100001000111110110010 
10111111011001101010010111100101 
10111110101000110001000010101110 
00111110111010011001010001110001 
00111111011101001010000001101011 
00111111011000001101001100100001 
00111110100010101010101110011010 
10111111000000000000000000000000 
10111111011110000001010101110010 
10111111010110100111000101000101 
10111110011000111101110010000111 
00111111000010101110010001001111 
00111111011110101110110010010101 
00111111010100111000010001100010 
00111110001100011101000011010011 
10111111000101010111000000111001 
10111111011111010010010000000100 
10111111010011000001000011100000 
10111101111111101010011111101001 
00111111000111111001110100000111 
00111111011111101011101001010110 
00111111010001000001101101111101 
00111101100110010000110000010111 
10111111001010010110010000111110 
10111111011111111010111010001000 
10111111001110111010100101001001 
10111100110011000011101101110011 
00111111001100101011111110100101 
00111111100000000000000000000000 
00111111001100101011111110100101 
10111100110011000011101101110011 
10111111001110111010100101001001 
10111111011111111010111010001000 
10111111001010010110010000111110 
00111101100110010000110000010111 
00111111010001000001101101111101 
00111111011111101011101001010110 
00111111000111111001110100000111 
10111101111111101010011111101001 
10111111010011000001000011100000 
10111111011111010010010000000100 
10111111000101010111000000111001 
00111110001100011101000011010011 
00111111010100111000010001100010 
00111111011110101110110010010101 
00111111000010101110010001001111 
10111110011000111101110010000111 
10111111010110100111000101000101 
10111111011110000001010101110010 
10111110111111111111111111111111 
00111110100010101010101110011010 
00111111011000001101001100100001 
00111111011101001010000001101011 
00111110111010011001010001110001 
10111110101000110001000010101110 
10111111011001101010010111100101 
10111111011100001000111110110010 
10111110110100101001010000111001 
00111110101110110000110111111010 
00111111011010111110010111011101 
00111111011010010101100001110010 
00111110100101101110101000100110 
10111111000001010111110011000111 
10111111011111000001110001011100 
10111111010010000010011000011011 
10111101010011000010101100110011 
00111111001101110100001100001100 
00111111011111110100100010111111 
00111111000110101001001011101101 
10111110010010101110011011010010 
10111111010111011011001111010111 
10111111011100101010101101011101 
10111110110001101110000011101100 
00111110110111100010011000000010 
00111111011101100110111010001010 
00111111010101110000101111110000 
00111110000110001001111010001001 
10111111001001001000110110111010 
10111111011111111110101110100001 
10111111001011100001111111001100 
00111101110010111110101000111010 
00111111010011111101101100101011 
00111111011110011001010011100000 
00111110111101001101110110110100 
10111110101011110001110101000011 
10111111011011100100110110111101 
10111111011000111100111010100011 
10111110011111001010110111111000 
00111111000100000011010110111110 
00111111011111100000001101100011 
00111111001111111111000110101001 
10100110010100111111011101110110 
10111111001111111111000110101001 
10111111011111100000001101100011 
10111111000100000011010110111110 
00111110011111001010110111111000 
00111111011000111100111010100011 
00111111011011100100110110111101 
00111110101011110001110101000011 
10111110111101001101110110110100 
10111111011110011001010011100000 
10111111010011111101101100101011 
10111101110010111110101000111010 
00111111001011100001111111001100 
00111111011111111110101110100001 
00111111001001001000110110111010 
10111110000110001001111010001001 
10111111010101110000101111110000 
10111111011101100110111010001010 
10111110110111100010011000000010 
00111110110001101110000011101100 
00111111011100101010101101011101 
00111111010111011011001111010111 
00111110010010101110011011010010 
10111111000110101001001011101101 
10111111011111110100100010111111 
10111111001101110100001100001100 
00111101010011000010101100110011 
00111111010010000010011000011011 
00111111011111000001110001011100 
00111111000001010111110011000111 
10111110100101101110101000100110 
10111111011010010101100001110010 
00111111011001101010010111100101 
00111110011000111101110010000111 
10111111000111111001110100000111 
10111111100000000000000000000000 
10111111000111111001110100000111 
00111110011000111101110010000111 
00111111011001101010010111100101 
00111111011001101010010111100101 
00111110011000111101110010000111 
10111111000111111001110100000111 
10111111100000000000000000000000 
10111111000111111001110100000111 
00111110011000111101110010000111 
00111111011001101010010111100101 
00111111011001101010010111100101 
00111110011000111101110010000111 
10111111000111111001110100000111 
10111111100000000000000000000000 
10111111000111111001110100000111 
00111110011000111101110010000111 
00111111011001101010010111100101 
00111111011001101010010111100101 
00111110011000111101110010000111 
10111111000111111001110100000111 
10111111100000000000000000000000 
10111111000111111001110100000111 
00111110011000111101110010000111 
00111111011001101010010111100101 
00111111011001101010010111100101 
00111110011000111101110010000111 
10111111000111111001110100000111 
10111111100000000000000000000000 
10111111000111111001110100000111 
00111110011000111101110010000111 
00111111011001101010010111100101 
00111111011001101010010111100101 
00111110011000111101110010000111 
10111111000111111001110100000111 
10111111100000000000000000000000 
10111111000111111001110100000111 
00111110011000111101110010000111 
00111111011001101010010111100101 
00111111011001101010010111100101 
00111110011000111101110010000111 
10111111000111111001110100000111 
10111111100000000000000000000000 
10111111000111111001110100000111 
00111110011000111101110010000111 
00111111011001101010010111100101 
00111111011001101010010111100101 
00111110011000111101110010000111 
10111111000111111001110100000111 
10111111100000000000000000000000 
10111111000111111001110100000111 
00111110011000111101110010000111 
00111111011001101010010111100101 
00111111011001101010010111100101 
00111110011000111101110010000111 
10111111000111111001110100000111 
10111111100000000000000000000000 
10111111000111111001110100000111 
00111110011000111101110010000111 
00111111011001101010010111100101 
00111111011000111100111010100011 
00111110000110001001111010001001 
10111111001101110100001100001100 
10111111011111000001110001011100 
10111110110111100010011000000010 
00111110111101001101110110110100 
00111111011111100000001101100011 
00111111001011100001111111001100 
10111110010010101110011011010010 
10111111011010010101100001110010 
10111111010111011011001111010111 
10111101110010111110101000111010 
00111111001111111111000110101001 
00111111011110011001010011100000 
00111110110001101110000011101100 
10111111000001010111110011000111 
10111111011111110100100010111111 
10111111001001001000110110111010 
00111110011111001010110111111000 
00111111011011100100110110111101 
00111111010101110000101111110000 
00111101010011000010101100110011 
10111111010010000010011000011011 
10111111011101100110111010001010 
10111110101011110001110101000011 
00111111000100000011010110111110 
00111111011111111110101110100001 
00111111000110101001001011101101 
10111110100101101110101000100110 
10111111011100101010101101011101 
10111111010011111101101100101011 
10100111010100111101010100110101 
00111111010011111101101100101011 
00111111011100101010101101011101 
00111110100101101110101000100110 
10111111000110101001001011101101 
10111111011111111110101110100001 
10111111000100000011010110111110 
00111110101011110001110101000011 
00111111011101100110111010001010 
00111111010010000010011000011011 
10111101010011000010101100110011 
10111111010101110000101111110000 
10111111011011100100110110111101 
10111110011111001010110111111000 
00111111001001001000110110111010 
00111111011111110100100010111111 
00111111000001010111110011000111 
10111110110001101110000011101100 
10111111011110011001010011100000 
10111111001111111111000110101001 
00111101110010111110101000111010 
00111111010111011011001111010111 
00111111011010010101100001110010 
00111110010010101110011011010010 
10111111001011100001111111001100 
10111111011111100000001101100011 
10111110111101001101110110110100 
00111110110111100010011000000010 
00111111011111000001110001011100 
00111111001101110100001100001100 
10111110000110001001111010001001 
10111111011000111100111010100011 
00111111011000001101001100100001 
00111101100110010000110000010111 
10111111010011000001000011100000 
10111111011100001000111110110010 
10111110011000111101110010000111 
00111111001100101011111110100101 
00111111011110101110110010010101 
00111110101110110000110111111010 
10111111000101010111000000111001 
10111111011111111010111010001000 
10111110111111111111111111111111 
00111110111010011001010001110001 
00111111011111101011101001010110 
00111111000111111001110100000111 
10111110101000110001000010101110 
10111111011110000001010101110010 
10111111001110111010100101001001 
00111110001100011101000011010011 
00111111011010111110010111011101 
00111111010100111000010001100010 
10111100110011000011101101110011 
10111111010110100111000101000101 
10111111011001101010010111100101 
10111101111111101010011111101001 
00111111010001000001101101111101 
00111111011101001010000001101011 
00111110100010101010101110011010 
10111111001010010110010000111110 
10111111011111010010010000000100 
10111110110100101001010000111001 
00111111000010101110010001001111 
00111111100000000000000000000000 
00111111000010101110010001001111 
10111110110100101001010000111001 
10111111011111010010010000000100 
10111111001010010110010000111110 
00111110100010101010101110011010 
00111111011101001010000001101011 
00111111010001000001101101111101 
10111101111111101010011111101001 
10111111011001101010010111100101 
10111111010110100111000101000101 
10111100110011000011101101110011 
00111111010100111000010001100010 
00111111011010111110010111011101 
00111110001100011101000011010011 
10111111001110111010100101001001 
10111111011110000001010101110010 
10111110101000110001000010101110 
00111111000111111001110100000111 
00111111011111101011101001010110 
00111110111010011001010001110001 
10111110111111111111111111111111 
10111111011111111010111010001000 
10111111000101010111000000111001 
00111110101110110000110111111010 
00111111011110101110110010010101 
00111111001100101011111110100101 
10111110011000111101110010000111 
10111111011100001000111110110010 
10111111010011000001000011100000 
00111101100110010000110000010111 
00111111011000001101001100100001 
00111111010111011011001111010111 
00100100100011010011000100110001 
10111111010111011011001111010111 
10111111010111011011001111010111 
10100101010100111100100111001010 
00111111010111011011001111010111 
00111111010111011011001111010111 
00100101101100000111110101111101 
10111111010111011011001111010111 
10111111010111011011001111010111 
10100101111101110001011000010110 
00111111010111011011001111010111 
00111111010111011011001111010111 
00100110000111101101011101010111 
10111111010111011011001111010111 
10111111010111011011001111010111 
10100111001100001000100011101001 
00111111010111011011001111010111 
00111111010111011011001111010111 
10100110100011010100100000000111 
10111111010111011011001111010111 
10111111010111011011001111010111 
10100111010000100010111100001111 
00111111010111011011001111010111 
00111111010111011011001111010111 
10100110010100111111011101110110 
10111111010111011011001111010111 
10111111010111011011001111010111 
10100111010100111101010100110101 
00111111010111011011001111010111 
00111111010111011011001111010111 
00100111111011100101010000100100 
10111111010111011011001111010111 
10111111010111011011001111010111 
00100111100011010100001001010010 
00111111010111011011001111010111 
00111111010111011011001111010111 
10100101100011011000110010001010 
10111111010111011011001111010111 
10111111010111011011001111010111 
10100111011101110010000110000001 
00111111010111011011001111010111 
00111111010111011011001111010111 
00100111111111111111101001001010 
10111111010111011011001111010111 
10111111010111011011001111010111 
00100111011101110011100001010111 
00111111010111011011001111010111 
00111111010111011011001111010111 
00100101100011001101010111011001 
10111111010111011011001111010111 
10111111010111011011001111010111 
10100111100011010011011011100111 
00111111010111011011001111010111 
00111111010111011011001111010111 
00100110000011010000001110000101 
10111111010111011011001111010111 
10111111010111011011001111010111 
10100111100101100000100111111010 
00111111010111011011001111010111 
00111111010111011011001111010111 
10100111111001011000110001111100 
10111111010111011011001111010111 
00111111010110100111000101000101 
10111101100110010000110000010111 
10111111011010111110010111011101 
10111111010001000001101101111101 
00111110011000111101110010000111 
00111111011110000001010101110010 
00111111001010010110010000111110 
10111110101110110000110111111010 
10111111011111101011101001010110 
10111111000010101110010001001111 
00111111000000000000000000000000 
00111111011111111010111010001000 
00111110110100101001010000111001 
10111111000111111001110100000111 
10111111011110101110110010010101 
10111110100010101010101110011010 
00111111001110111010100101001001 
00111111011100001000111110110010 
00111101111111101010011111101001 
10111111010100111000010001100010 
10111111011000001101001100100001 
00111100110011000011101101110011 
00111111011001101010010111100101 
00111111010011000001000011100000 
10111110001100011101000011010011 
10111111011101001010000001101011 
10111111001100101011111110100101 
00111110101000110001000010101110 
00111111011111010010010000000100 
00111111000101010111000000111001 
10111110111010011001010001110001 
10111111100000000000000000000000 
10111110111010011001010001110001 
00111111000101010111000000111001 
00111111011111010010010000000100 
00111110101000110001000010101110 
10111111001100101011111110100101 
10111111011101001010000001101011 
10111110001100011101000011010011 
00111111010011000001000011100000 
00111111011001101010010111100101 
00111100110011000011101101110011 
10111111011000001101001100100001 
10111111010100111000010001100010 
00111101111111101010011111101001 
00111111011100001000111110110010 
00111111001110111010100101001001 
10111110100010101010101110011010 
10111111011110101110110010010101 
10111111000111111001110100000111 
00111110110100101001010000111001 
00111111011111111010111010001000 
00111111000000000000000000000000 
10111111000010101110010001001111 
10111111011111101011101001010110 
10111110101110110000110111111010 
00111111001010010110010000111110 
00111111011110000001010101110010 
00111110011000111101110010000111 
10111111010001000001101101111101 
10111111011010111110010111011101 
10111101100110010000110000010111 
00111111010110100111000101000101 
00111111010101110000101111110000 
10111110000110001001111010001001 
10111111011101100110111010001010 
10111111001001001000110110111010 
00111110110111100010011000000010 
00111111011111111110101110100001 
00111110110001101110000011101100 
10111111001011100001111111001100 
10111111011100101010101101011101 
10111101110010111110101000111010 
00111111010111011011001111010111 
00111111010011111101101100101011 
10111110010010101110011011010010 
10111111011110011001010011100000 
10111111000110101001001011101101 
00111110111101001101110110110100 
00111111011111110100100010111111 
00111110101011110001110101000011 
10111111001101110100001100001100 
10111111011011100100110110111101 
10111101010011000010101100110011 
00111111011000111100111010100011 
00111111010010000010011000011011 
10111110011111001010110111111000 
10111111011111000001110001011100 
10111111000100000011010110111110 
00111111000001010111110011000111 
00111111011111100000001101100011 
00111110100101101110101000100110 
10111111001111111111000110101001 
10111111011010010101100001110010 
00100111100011010100001001010010 
00111111011010010101100001110010 
00111111001111111111000110101001 
10111110100101101110101000100110 
10111111011111100000001101100011 
10111111000001010111110011000111 
00111111000100000011010110111110 
00111111011111000001110001011100 
00111110011111001010110111111000 
10111111010010000010011000011011 
10111111011000111100111010100011 
00111101010011000010101100110011 
00111111011011100100110110111101 
00111111001101110100001100001100 
10111110101011110001110101000011 
10111111011111110100100010111111 
10111110111101001101110110110100 
00111111000110101001001011101101 
00111111011110011001010011100000 
00111110010010101110011011010010 
10111111010011111101101100101011 
10111111010111011011001111010111 
00111101110010111110101000111010 
00111111011100101010101101011101 
00111111001011100001111111001100 
10111110110001101110000011101100 
10111111011111111110101110100001 
10111110110111100010011000000010 
00111111001001001000110110111010 
00111111011101100110111010001010 
00111110000110001001111010001001 
10111111010101110000101111110000 
00111111010100111000010001100010 
10111110011000111101110010000111 
10111111011111010010010000000100 
10111110111111111111111111111111 
00111111000111111001110100000111 
00111111011101001010000001101011 
00111101100110010000110000010111 
10111111011001101010010111100101 
10111111001110111010100101001001 
00111110101110110000110111111010 
00111111100000000000000000000000 
00111110101110110000110111111010 
10111111001110111010100101001001 
10111111011001101010010111100101 
00111101100110010000110000010111 
00111111011101001010000001101011 
00111111000111111001110100000111 
10111111000000000000000000000000 
10111111011111010010010000000100 
10111110011000111101110010000111 
00111111010100111000010001100010 
00111111010100111000010001100010 
10111110011000111101110010000111 
10111111011111010010010000000100 
10111110111111111111111111111111 
00111111000111111001110100000111 
00111111011101001010000001101011 
00111101100110010000110000010111 
10111111011001101010010111100101 
10111111001110111010100101001001 
00111110101110110000110111111010 
00111111100000000000000000000000 
00111110101110110000110111111010 
10111111001110111010100101001001 
10111111011001101010010111100101 
00111101100110010000110000010111 
00111111011101001010000001101011 
00111111000111111001110100000111 
10111111000000000000000000000000 
10111111011111010010010000000100 
10111110011000111101110010000111 
00111111010100111000010001100010 
00111111010100111000010001100010 
10111110011000111101110010000111 
10111111011111010010010000000100 
10111110111111111111111111111111 
00111111000111111001110100000111 
00111111011101001010000001101011 
00111101100110010000110000010111 
10111111011001101010010111100101 
10111111001110111010100101001001 
00111110101110110000110111111010 
00111111100000000000000000000000 
00111110101110110000110111111010 
10111111001110111010100101001001 
10111111011001101010010111100101 
00111101100110010000110000010111 
00111111011101001010000001101011 
00111111000111111001110100000111 
10111110111111111111111111111111 
10111111011111010010010000000100 
10111110011000111101110010000111 
00111111010100111000010001100010 
00111111010011111101101100101011 
10111110100101101110101000100110 
10111111011111111110101110100001 
10111110101011110001110101000011 
00111111010010000010011000011011 
00111111010101110000101111110000 
10111110011111001010110111111000 
10111111011111110100100010111111 
10111110110001101110000011101100 
00111111001111111111000110101001 
00111111010111011011001111010111 
10111110010010101110011011010010 
10111111011111100000001101100011 
10111110110111100010011000000010 
00111111001101110100001100001100 
00111111011000111100111010100011 
10111110000110001001111010001001 
10111111011111000001110001011100 
10111110111101001101110110110100 
00111111001011100001111111001100 
00111111011010010101100001110010 
10111101110010111110101000111010 
10111111011110011001010011100000 
10111111000001010111110011000111 
00111111001001001000110110111010 
00111111011011100100110110111101 
10111101010011000010101100110011 
10111111011101100110111010001010 
10111111000100000011010110111110 
00111111000110101001001011101101 
00111111011100101010101101011101 
10100101100011011000110010001010 
10111111011100101010101101011101 
10111111000110101001001011101101 
00111111000100000011010110111110 
00111111011101100110111010001010 
00111101010011000010101100110011 
10111111011011100100110110111101 
10111111001001001000110110111010 
00111111000001010111110011000111 
00111111011110011001010011100000 
00111101110010111110101000111010 
10111111011010010101100001110010 
10111111001011100001111111001100 
00111110111101001101110110110100 
00111111011111000001110001011100 
00111110000110001001111010001001 
10111111011000111100111010100011 
10111111001101110100001100001100 
00111110110111100010011000000010 
00111111011111100000001101100011 
00111110010010101110011011010010 
10111111010111011011001111010111 
10111111001111111111000110101001 
00111110110001101110000011101100 
00111111011111110100100010111111 
00111110011111001010110111111000 
10111111010101110000101111110000 
10111111010010000010011000011011 
00111110101011110001110101000011 
00111111011111111110101110100001 
00111110100101101110101000100110 
10111111010011111101101100101011 
00111111010011000001000011100000 
10111110101110110000110111111010 
10111111011111101011101001010110 
10111110001100011101000011010011 
00111111011001101010010111100101 
00111111001010010110010000111110 
10111111000010101110010001001111 
10111111011101001010000001101011 
00111100110011000011101101110011 
00111111011110000001010101110010 
00111110111111111111111111111111 
10111111001100101011111110100101 
10111111011000001101001100100001 
00111110011000111101110010000111 
00111111011111111010111010001000 
00111110101000110001000010101110 
10111111010100111000010001100010 
10111111010001000001101101111101 
00111110110100101001010000111001 
00111111011111010010010000000100 
00111101111111101010011111101001 
10111111011010111110010111011101 
10111111000111111001110100000111 
00111111000101010111000000111001 
00111111011100001000111110110010 
10111101100110010000110000010111 
10111111011110101110110010010101 
10111110111010011001010001110001 
00111111001110111010100101001001 
00111111010110100111000101000101 
10111110100010101010101110011010 
10111111100000000000000000000000 
10111110100010101010101110011010 
00111111010110100111000101000101 
00111111001110111010100101001001 
10111110111010011001010001110001 
10111111011110101110110010010101 
10111101100110010000110000010111 
00111111011100001000111110110010 
00111111000101010111000000111001 
10111111000111111001110100000111 
10111111011010111110010111011101 
00111101111111101010011111101001 
00111111011111010010010000000100 
00111110110100101001010000111001 
10111111010001000001101101111101 
10111111010100111000010001100010 
00111110101000110001000010101110 
00111111011111111010111010001000 
00111110011000111101110010000111 
10111111011000001101001100100001 
10111111001100101011111110100101 
00111110111111111111111111111111 
00111111011110000001010101110010 
00111100110011000011101101110011 
10111111011101001010000001101011 
10111111000010101110010001001111 
00111111001010010110010000111110 
00111111011001101010010111100101 
10111110001100011101000011010011 
10111111011111101011101001010110 
10111110101110110000110111111010 
00111111010011000001000011100000 
00111111010010000010011000011011 
10111110110111100010011000000010 
10111111011110011001010011100000 
10100101010100111100100111001010 
00111111011110011001010011100000 
00111110110111100010011000000010 
10111111010010000010011000011011 
10111111010010000010011000011011 
00111110110111100010011000000010 
00111111011110011001010011100000 
00100110000111101101011101010111 
10111111011110011001010011100000 
10111110110111100010011000000010 
00111111010010000010011000011011 
00111111010010000010011000011011 
10111110110111100010011000000010 
10111111011110011001010011100000 
10100111010000100010111100001111 
00111111011110011001010011100000 
00111110110111100010011000000010 
10111111010010000010011000011011 
10111111010010000010011000011011 
00111110110111100010011000000010 
00111111011110011001010011100000 
00100111111011100101010000100100 
10111111011110011001010011100000 
10111110110111100010011000000010 
00111111010010000010011000011011 
00111111010010000010011000011011 
10111110110111100010011000000010 
10111111011110011001010011100000 
10100111011101110010000110000001 
00111111011110011001010011100000 
00111110110111100010011000000010 
10111111010010000010011000011011 
10111111010010000010011000011011 
00111110110111100010011000000010 
00111111011110011001010011100000 
00100101100011001101010111011001 
10111111011110011001010011100000 
10111110110111100010011000000010 
00111111010010000010011000011011 
00111111010010000010011000011011 
10111110110111100010011000000010 
10111111011110011001010011100000 
10100111100101100000100111111010 
00111111011110011001010011100000 
00111110110111100010011000000010 
10111111010010000010011000011011 
10111111010010000010011000011011 
00111110110111100010011000000010 
00111111011110011001010011100000 
00100110100011010001101001011011 
10111111011110011001010011100000 
10111110110111100010011000000010 
00111111010010000010011000011011 
00111111010010000010011000011011 
10111110110111100010011000000010 
10111111011110011001010011100000 
10100111101100001000001100110011 
00111111011110011001010011100000 
00111110110111100010011000000010 
10111111010010000010011000011011 
00111111010001000001101101111101 
10111111000000000000000000000000 
10111111011100001000111110110010 
00111110001100011101000011010011 
00111111100000000000000000000000 
00111110001100011101000011010011 
10111111011100001000111110110010 
10111110111111111111111111111111 
00111111010001000001101101111101 
00111111010001000001101101111101 
10111111000000000000000000000000 
10111111011100001000111110110010 
00111110001100011101000011010011 
00111111100000000000000000000000 
00111110001100011101000011010011 
10111111011100001000111110110010 
10111110111111111111111111111111 
00111111010001000001101101111101 
00111111010001000001101101111101 
10111111000000000000000000000000 
10111111011100001000111110110010 
00111110001100011101000011010011 
00111111100000000000000000000000 
00111110001100011101000011010011 
10111111011100001000111110110010 
10111111000000000000000000000000 
00111111010001000001101101111101 
00111111010001000001101101111101 
10111110111111111111111111111111 
10111111011100001000111110110010 
00111110001100011101000011010011 
00111111100000000000000000000000 
00111110001100011101000011010011 
10111111011100001000111110110010 
10111110111111111111111111111111 
00111111010001000001101101111101 
00111111010001000001101101111101 
10111110111111111111111111111111 
10111111011100001000111110110010 
00111110001100011101000011010011 
00111111100000000000000000000000 
00111110001100011101000011010011 
10111111011100001000111110110010 
10111111000000000000000000000000 
00111111010001000001101101111101 
00111111010001000001101101111101 
10111110111111111111111111111111 
10111111011100001000111110110010 
00111110001100011101000011010011 
00111111100000000000000000000000 
00111110001100011101000011010011 
10111111011100001000111110110010 
10111111000000000000000000000000 
00111111010001000001101101111101 
00111111010001000001101101111101 
10111110111111111111111111111111 
10111111011100001000111110110010 
00111110001100011101000011010011 
00111111100000000000000000000000 
00111110001100011101000011010011 
10111111011100001000111110110010 
10111111000000000000000000000000 
00111111010001000001101101111101 
00111111001111111111000110101001 
10111111000100000011010110111110 
10111111011000111100111010100011 
00111110101011110001110101000011 
00111111011110011001010011100000 
10111101110010111110101000111010 
10111111011111111110101110100001 
10111110000110001001111010001001 
00111111011101100110111010001010 
00111110110001101110000011101100 
10111111010111011011001111010111 
10111111000110101001001011101101 
00111111001101110100001100001100 
00111111010010000010011000011011 
10111111000001010111110011000111 
10111111011010010101100001110010 
00111110100101101110101000100110 
00111111011111000001110001011100 
10111101010011000010101100110011 
10111111011111110100100010111111 
10111110010010101110011011010010 
00111111011100101010101101011101 
00111110110111100010011000000010 
10111111010101110000101111110000 
10111111001001001000110110111010 
00111111001011100001111111001100 
00111111010011111101101100101011 
10111110111101001101110110110100 
10111111011011100100110110111101 
00111110011111001010110111111000 
00111111011111100000001101100011 
00100111111111111111101001001010 
10111111011111100000001101100011 
10111110011111001010110111111000 
00111111011011100100110110111101 
00111110111101001101110110110100 
10111111010011111101101100101011 
10111111001011100001111111001100 
00111111001001001000110110111010 
00111111010101110000101111110000 
10111110110111100010011000000010 
10111111011100101010101101011101 
00111110010010101110011011010010 
00111111011111110100100010111111 
00111101010011000010101100110011 
10111111011111000001110001011100 
10111110100101101110101000100110 
00111111011010010101100001110010 
00111111000001010111110011000111 
10111111010010000010011000011011 
10111111001101110100001100001100 
00111111000110101001001011101101 
00111111010111011011001111010111 
10111110110001101110000011101100 
10111111011101100110111010001010 
00111110000110001001111010001001 
00111111011111111110101110100001 
00111101110010111110101000111010 
10111111011110011001010011100000 
10111110101011110001110101000011 
00111111011000111100111010100011 
00111111000100000011010110111110 
10111111001111111111000110101001 
00111111001110111010100101001001 
10111111000111111001110100000111 
10111111010100111000010001100010 
00111111000000000000000000000000 
00111111011001101010010111100101 
10111110101110110000110111111010 
10111111011101001010000001101011 
00111110011000111101110010000111 
00111111011111010010010000000100 
10111101100110010000110000010111 
10111111100000000000000000000000 
10111101100110010000110000010111 
00111111011111010010010000000100 
00111110011000111101110010000111 
10111111011101001010000001101011 
10111110101110110000110111111010 
00111111011001101010010111100101 
00111111000000000000000000000000 
10111111010100111000010001100010 
10111111000111111001110100000111 
00111111001110111010100101001001 
00111111001110111010100101001001 
10111111000111111001110100000111 
10111111010100111000010001100010 
00111110111111111111111111111111 
00111111011001101010010111100101 
10111110101110110000110111111010 
10111111011101001010000001101011 
00111110011000111101110010000111 
00111111011111010010010000000100 
10111101100110010000110000010111 
10111111100000000000000000000000 
10111101100110010000110000010111 
00111111011111010010010000000100 
00111110011000111101110010000111 
10111111011101001010000001101011 
10111110101110110000110111111010 
00111111011001101010010111100101 
00111111000000000000000000000000 
10111111010100111000010001100010 
10111111000111111001110100000111 
00111111001110111010100101001001 
00111111001110111010100101001001 
10111111000111111001110100000111 
10111111010100111000010001100010 
00111110111111111111111111111111 
00111111011001101010010111100101 
10111110101110110000110111111010 
10111111011101001010000001101011 
00111110011000111101110010000111 
00111111011111010010010000000100 
10111101100110010000110000010111 
10111111100000000000000000000000 
10111101100110010000110000010111 
00111111011111010010010000000100 
00111110011000111101110010000111 
10111111011101001010000001101011 
10111110101110110000110111111010 
00111111011001101010010111100101 
00111110111111111111111111111111 
10111111010100111000010001100010 
10111111000111111001110100000111 
00111111001110111010100101001001 
00111111001101110100001100001100 
10111111001011100001111111001100 
10111111001111111111000110101001 
00111111001001001000110110111010 
00111111010010000010011000011011 
10111111000110101001001011101101 
10111111010011111101101100101011 
00111111000100000011010110111110 
00111111010101110000101111110000 
10111111000001010111110011000111 
10111111010111011011001111010111 
00111110111101001101110110110100 
00111111011000111100111010100011 
10111110110111100010011000000010 
10111111011010010101100001110010 
00111110110001101110000011101100 
00111111011011100100110110111101 
10111110101011110001110101000011 
10111111011100101010101101011101 
00111110100101101110101000100110 
00111111011101100110111010001010 
10111110011111001010110111111000 
10111111011110011001010011100000 
00111110010010101110011011010010 
00111111011111000001110001011100 
10111110000110001001111010001001 
10111111011111100000001101100011 
00111101110010111110101000111010 
00111111011111110100100010111111 
10111101010011000010101100110011 
10111111011111111110101110100001 
00100111011101110011100001010111 
00111111011111111110101110100001 
00111101010011000010101100110011 
10111111011111110100100010111111 
10111101110010111110101000111010 
00111111011111100000001101100011 
00111110000110001001111010001001 
10111111011111000001110001011100 
10111110010010101110011011010010 
00111111011110011001010011100000 
00111110011111001010110111111000 
10111111011101100110111010001010 
10111110100101101110101000100110 
00111111011100101010101101011101 
00111110101011110001110101000011 
10111111011011100100110110111101 
10111110110001101110000011101100 
00111111011010010101100001110010 
00111110110111100010011000000010 
10111111011000111100111010100011 
10111110111101001101110110110100 
00111111010111011011001111010111 
00111111000001010111110011000111 
10111111010101110000101111110000 
10111111000100000011010110111110 
00111111010011111101101100101011 
00111111000110101001001011101101 
10111111010010000010011000011011 
10111111001001001000110110111010 
00111111001111111111000110101001 
00111111001011100001111111001100 
10111111001101110100001100001100 