00000000000000000000000000000000 
10111100010010010000111010001111 
10111100110010010000101010101111 
10111101000101101100001100101011 
10111101010010001111101100101111 
10111101011110110010101101110011 
10111101100101101010100100000100 
10111101101011111011011010000000 
10111101110010001011110100110101 
10111101111000011011110000101110 
10111101111110101011001001110010 
10111110000010011100111110000110 
10111110000101100100000010000011 
10111110001000101010101110110101 
10111110001011110001000010100010 
10111110001110110110111011001110 
10111110010001111100010111000001 
10111110010101000001010100000001 
10111110011000000101110000010011 
10111110011011001001101001111111 
10111110011110001100111111001011 
10111110100000100111110111000000 
10111110100010001000111010010011 
10111110100011101001101000100001 
10111110100101001010000000110001 
10111110100110101010000010000110 
10111110101000001001101011100100 
10111110101001101000111100010010 
10111110101011000111110011010011 
10111110101100100110001111101110 
10111110101110000100010000101001 
10111110101111100001110101001001 
10111110110000111110111100010101 
10111110110010011011100101010011 
10111110110011110111101111001010 
10111110110101010011011001000001 
10111110110110101110100010000000 
10111110111000001001001001001110 
10111110111001100011001101110100 
10111110111010111100101110111010 
10111110111100010101101011101001 
10111110111101101110000011001010 
10111110111111000101110100100110 
10111111000000001110011111100100 
10111111000000111001110000111100 
10111111000001100100101110000010 
10111111000010001111010110011010 
10111111000010111001101001101011 
10111111000011100011100111011001 
10111111000100001101001111001100 
10111111000100110110100000101010 
10111111000101011111011011011001 
10111111000110000111111110111111 
10111111000110110000001011000101 
10111111000111010111111111010001 
10111111000111111111011011001010 
10111111001000100110011110011001 
10111111001001001101001000100100 
10111111001001110011011001010101 
10111111001010011001010000010100 
10111111001010111110101101001001 
10111111001011100011101111011101 
10111111001100001000010110111010 
10111111001100101100100011001001 
10111111001101010000010011110011 
10111111001101110011101000100010 
10111111001110010110100001000001 
10111111001110111000111100111010 
10111111001111011010111011111001 
10111111001111111100011101100111 
10111111010000011101100001110000 
10111111010000111110001000000000 
10111111010001011110010000000011 
10111111010001111101111001100101 
10111111010010011101000100010010 
10111111010010111011101111110111 
10111111010011011001111100000010 
10111111010011110111101000011111 
10111111010100010100110100111101 
10111111010100110001100001001000 
10111111010101001101101100110001 
10111111010101101001010111100100 
10111111010110000100100001010010 
10111111010110011111001001101001 
10111111010110111001010000011010 
10111111010111010010110101010011 
10111111010111101011111000000101 
10111111011000000100011000100001 
10111111011000011100010110010111 
10111111011000110011110001011001 
10111111011001001010101001011001 
10111111011001100000111110000111 
10111111011001110110101111010111 
10111111011010001011111100111011 
10111111011010100000100110100110 
10111111011010110100101100001011 
10111111011011001000001101011110 
10111111011011011011001010010011 
10111111011011101101100010011101 
10111111011011111111010101110011 
10111111011100010000100100001000 
10111111011100100001001101010010 
10111111011100110001010001000111 
10111111011101000000101111011101 
10111111011101001111101000001010 
10111111011101011101111011000110 
10111111011101101011101000000111 
10111111011101111000101111000101 
10111111011110000101001111110111 
10111111011110010001001010010111 
10111111011110011100011110011101 
10111111011110100111001100000001 
10111111011110110001010010111110 
10111111011110111010110011001101 
10111111011111000011101100100111 
10111111011111001011111111001001 
10111111011111010011101010101011 
10111111011111011010101111001011 
10111111011111100001001100100011 
10111111011111100111000010101111 
10111111011111101100010001101101 
10111111011111110000111001010111 
10111111011111110100111001101101 
10111111011111111000010010101011 
10111111011111111011000100001111 
10111111011111111101001110010111 
10111111011111111110110001000011 
10111111011111111111101100010000 
10111111100000000000000000000000 
10111111011111111111101100010000 
10111111011111111110110001000011 
10111111011111111101001110010111 
10111111011111111011000100001111 
10111111011111111000010010101011 
10111111011111110100111001101101 
10111111011111110000111001010111 
10111111011111101100010001101101 
10111111011111100111000010101111 
10111111011111100001001100100011 
10111111011111011010101111001011 
10111111011111010011101010101011 
10111111011111001011111111001001 
10111111011111000011101100100111 
10111111011110111010110011001101 
10111111011110110001010010111110 
10111111011110100111001100000001 
10111111011110011100011110011101 
10111111011110010001001010010111 
10111111011110000101001111110111 
10111111011101111000101111000101 
10111111011101101011101000000111 
10111111011101011101111011000110 
10111111011101001111101000001010 
10111111011101000000101111011101 
10111111011100110001010001000111 
10111111011100100001001101010010 
10111111011100010000100100001000 
10111111011011111111010101110011 
10111111011011101101100010011101 
10111111011011011011001010010011 
10111111011011001000001101011110 
10111111011010110100101100001011 
10111111011010100000100110100110 
10111111011010001011111100111011 
10111111011001110110101111010111 
10111111011001100000111110000111 
10111111011001001010101001011001 
10111111011000110011110001011001 
10111111011000011100010110010111 
10111111011000000100011000100001 
10111111010111101011111000000101 
10111111010111010010110101010011 
10111111010110111001010000011010 
10111111010110011111001001101001 
10111111010110000100100001010010 
10111111010101101001010111100100 
10111111010101001101101100110001 
10111111010100110001100001001000 
10111111010100010100110100111101 
10111111010011110111101000011111 
10111111010011011001111100000010 
10111111010010111011101111110111 
10111111010010011101000100010010 
10111111010001111101111001100101 
10111111010001011110010000000011 
10111111010000111110001000000000 
10111111010000011101100001110000 
10111111001111111100011101100111 
10111111001111011010111011111001 
10111111001110111000111100111010 
10111111001110010110100001000001 
10111111001101110011101000100010 
10111111001101010000010011110011 
10111111001100101100100011001001 
10111111001100001000010110111010 
10111111001011100011101111011101 
10111111001010111110101101001001 
10111111001010011001010000010100 
10111111001001110011011001010101 
10111111001001001101001000100100 
10111111001000100110011110011001 
10111111000111111111011011001010 
10111111000111010111111111010001 
10111111000110110000001011000101 
10111111000110000111111110111111 
10111111000101011111011011011001 
10111111000100110110100000101010 
10111111000100001101001111001100 
10111111000011100011100111011001 
10111111000010111001101001101011 
10111111000010001111010110011010 
10111111000001100100101110000010 
10111111000000111001110000111100 
10111111000000001110011111100100 
10111110111111000101110100100110 
10111110111101101110000011001010 
10111110111100010101101011101001 
10111110111010111100101110111010 
10111110111001100011001101110100 
10111110111000001001001001001110 
10111110110110101110100010000000 
10111110110101010011011001000001 
10111110110011110111101111001010 
10111110110010011011100101010011 
10111110110000111110111100010101 
10111110101111100001110101001001 
10111110101110000100010000101001 
10111110101100100110001111101110 
10111110101011000111110011010011 
10111110101001101000111100010010 
10111110101000001001101011100100 
10111110100110101010000010000110 
10111110100101001010000000110001 
10111110100011101001101000100001 
10111110100010001000111010010011 
10111110100000100111110111000000 
10111110011110001100111111001011 
10111110011011001001101001111111 
10111110011000000101110000010011 
10111110010101000001010100000001 
10111110010001111100010111000001 
10111110001110110110111011001110 
10111110001011110001000010100010 
10111110001000101010101110110101 
10111110000101100100000010000011 
10111110000010011100111110000110 
10111101111110101011001001110010 
10111101111000011011110000101110 
10111101110010001011110100110101 
10111101101011111011011010000000 
10111101100101101010100100000100 
10111101011110110010101101110011 
10111101010010001111101100101111 
10111101000101101100001100101011 
10111100110010010000101010101111 
10111100010010010000111010001111 
10100101000011010011000100110001 
00111100010010010000111010001111 
00111100110010010000101010101111 
00111101000101101100001100101011 
00111101010010001111101100101111 
00111101011110110010101101110011 
00111101100101101010100100000100 
00111101101011111011011010000000 
00111101110010001011110100110101 
00111101111000011011110000101110 
00111101111110101011001001110010 
00111110000010011100111110000110 
00111110000101100100000010000011 
00111110001000101010101110110101 
00111110001011110001000010100010 
00111110001110110110111011001110 
00111110010001111100010111000001 
00111110010101000001010100000001 
00111110011000000101110000010011 
00111110011011001001101001111111 
00111110011110001100111111001011 
00111110100000100111110111000000 
00111110100010001000111010010011 
00111110100011101001101000100001 
00111110100101001010000000110001 
00111110100110101010000010000110 
00111110101000001001101011100100 
00111110101001101000111100010010 
00111110101011000111110011010011 
00111110101100100110001111101110 
00111110101110000100010000101001 
00111110101111100001110101001001 
00111110110000111110111100010101 
00111110110010011011100101010011 
00111110110011110111101111001010 
00111110110101010011011001000001 
00111110110110101110100010000000 
00111110111000001001001001001110 
00111110111001100011001101110100 
00111110111010111100101110111010 
00111110111100010101101011101001 
00111110111101101110000011001010 
00111110111111000101110100100110 
00111111000000001110011111100100 
00111111000000111001110000111100 
00111111000001100100101110000010 
00111111000010001111010110011010 
00111111000010111001101001101011 
00111111000011100011100111011001 
00111111000100001101001111001100 
00111111000100110110100000101010 
00111111000101011111011011011001 
00111111000110000111111110111111 
00111111000110110000001011000101 
00111111000111010111111111010001 
00111111000111111111011011001010 
00111111001000100110011110011001 
00111111001001001101001000100100 
00111111001001110011011001010101 
00111111001010011001010000010100 
00111111001010111110101101001001 
00111111001011100011101111011101 
00111111001100001000010110111010 
00111111001100101100100011001001 
00111111001101010000010011110011 
00111111001101110011101000100010 
00111111001110010110100001000001 
00111111001110111000111100111010 
00111111001111011010111011111001 
00111111001111111100011101100111 
00111111010000011101100001110000 
00111111010000111110001000000000 
00111111010001011110010000000011 
00111111010001111101111001100101 
00111111010010011101000100010010 
00111111010010111011101111110111 
00111111010011011001111100000010 
00111111010011110111101000011111 
00111111010100010100110100111101 
00111111010100110001100001001000 
00111111010101001101101100110001 
00111111010101101001010111100100 
00111111010110000100100001010010 
00111111010110011111001001101001 
00111111010110111001010000011010 
00111111010111010010110101010011 
00111111010111101011111000000101 
00111111011000000100011000100001 
00111111011000011100010110010111 
00111111011000110011110001011001 
00111111011001001010101001011001 
00111111011001100000111110000111 
00111111011001110110101111010111 
00111111011010001011111100111011 
00111111011010100000100110100110 
00111111011010110100101100001011 
00111111011011001000001101011110 
00111111011011011011001010010011 
00111111011011101101100010011101 
00111111011011111111010101110011 
00111111011100010000100100001000 
00111111011100100001001101010010 
00111111011100110001010001000111 
00111111011101000000101111011101 
00111111011101001111101000001010 
00111111011101011101111011000110 
00111111011101101011101000000111 
00111111011101111000101111000101 
00111111011110000101001111110111 
00111111011110010001001010010111 
00111111011110011100011110011101 
00111111011110100111001100000001 
00111111011110110001010010111110 
00111111011110111010110011001101 
00111111011111000011101100100111 
00111111011111001011111111001001 
00111111011111010011101010101011 
00111111011111011010101111001011 
00111111011111100001001100100011 
00111111011111100111000010101111 
00111111011111101100010001101101 
00111111011111110000111001010111 
00111111011111110100111001101101 
00111111011111111000010010101011 
00111111011111111011000100001111 
00111111011111111101001110010111 
00111111011111111110110001000011 
00111111011111111111101100010000 
00111111100000000000000000000000 
00111111011111111111101100010000 
00111111011111111110110001000011 
00111111011111111101001110010111 
00111111011111111011000100001111 
00111111011111111000010010101011 
00111111011111110100111001101101 
00111111011111110000111001010111 
00111111011111101100010001101101 
00111111011111100111000010101111 
00111111011111100001001100100011 
00111111011111011010101111001011 
00111111011111010011101010101011 
00111111011111001011111111001001 
00111111011111000011101100100111 
00111111011110111010110011001101 
00111111011110110001010010111110 
00111111011110100111001100000001 
00111111011110011100011110011101 
00111111011110010001001010010111 
00111111011110000101001111110111 
00111111011101111000101111000101 
00111111011101101011101000000111 
00111111011101011101111011000110 
00111111011101001111101000001010 
00111111011101000000101111011101 
00111111011100110001010001000111 
00111111011100100001001101010010 
00111111011100010000100100001000 
00111111011011111111010101110011 
00111111011011101101100010011101 
00111111011011011011001010010011 
00111111011011001000001101011110 
00111111011010110100101100001011 
00111111011010100000100110100110 
00111111011010001011111100111011 
00111111011001110110101111010111 
00111111011001100000111110000111 
00111111011001001010101001011001 
00111111011000110011110001011001 
00111111011000011100010110010111 
00111111011000000100011000100001 
00111111010111101011111000000101 
00111111010111010010110101010011 
00111111010110111001010000011010 
00111111010110011111001001101001 
00111111010110000100100001010010 
00111111010101101001010111100100 
00111111010101001101101100110001 
00111111010100110001100001001000 
00111111010100010100110100111101 
00111111010011110111101000011111 
00111111010011011001111100000010 
00111111010010111011101111110111 
00111111010010011101000100010010 
00111111010001111101111001100101 
00111111010001011110010000000011 
00111111010000111110001000000000 
00111111010000011101100001110000 
00111111001111111100011101100111 
00111111001111011010111011111001 
00111111001110111000111100111010 
00111111001110010110100001000001 
00111111001101110011101000100010 
00111111001101010000010011110011 
00111111001100101100100011001001 
00111111001100001000010110111010 
00111111001011100011101111011101 
00111111001010111110101101001001 
00111111001010011001010000010100 
00111111001001110011011001010101 
00111111001001001101001000100100 
00111111001000100110011110011001 
00111111000111111111011011001010 
00111111000111010111111111010001 
00111111000110110000001011000101 
00111111000110000111111110111111 
00111111000101011111011011011001 
00111111000100110110100000101010 
00111111000100001101001111001100 
00111111000011100011100111011001 
00111111000010111001101001101011 
00111111000010001111010110011010 
00111111000001100100101110000010 
00111111000000111001110000111100 
00111111000000001110011111100100 
00111110111111000101110100100110 
00111110111101101110000011001010 
00111110111100010101101011101001 
00111110111010111100101110111010 
00111110111001100011001101110100 
00111110111000001001001001001110 
00111110110110101110100010000000 
00111110110101010011011001000001 
00111110110011110111101111001010 
00111110110010011011100101010011 
00111110110000111110111100010101 
00111110101111100001110101001001 
00111110101110000100010000101001 
00111110101100100110001111101110 
00111110101011000111110011010011 
00111110101001101000111100010010 
00111110101000001001101011100100 
00111110100110101010000010000110 
00111110100101001010000000110001 
00111110100011101001101000100001 
00111110100010001000111010010011 
00111110100000100111110111000000 
00111110011110001100111111001011 
00111110011011001001101001111111 
00111110011000000101110000010011 
00111110010101000001010100000001 
00111110010001111100010111000001 
00111110001110110110111011001110 
00111110001011110001000010100010 
00111110001000101010101110110101 
00111110000101100100000010000011 
00111110000010011100111110000110 
00111101111110101011001001110010 
00111101111000011011110000101110 
00111101110010001011110100110101 
00111101101011111011011010000000 
00111101100101101010100100000100 
00111101011110110010101101110011 
00111101010010001111101100101111 
00111101000101101100001100101011 
00111100110010010000101010101111 
00111100010010010000111010001111 