00111101101000111101011100001010 
00111101101001000000010111010001 
00111101101001001001001000100100 
00111101101001010111101111110011 
00111101101001101100001100101001 
00111101101010000110011110100011 
00111101101010100110100100111000 
00111101101011001100011110110111 
00111101101011111000001011100001 
00111101101100101001101001110010 
00111101101101100000111000011011 
00111101101110011101110110000100 
00111101101111100000100001001101 
00111101110000101000111000001100 
00111101110001110110111001001101 
00111101110011001010100010010100 
00111101110100100011110001011110 
00111101110110000010100100011011 
00111101110111100110111000110101 
00111101111001010000101100001110 
00111101111010111111111011111100 
00111101111100110100100101001111 
00111101111110101110100101001110 
00111110000000010110111100011011 
00111110000001011001001110011111 
00111110000010011110000111001001 
00111110000011100101100100101100 
00111110000100101111100101010111 
00111110000101111100000111010100 
00111110000111001011001000101000 
00111110001000011100100111011000 
00111110001001110000100001100000 
00111110001011000110110100111100 
00111110001100011111011111100011 
00111110001101111010011111001000 
00111110001111010111110001011010 
00111110010000110111010100000101 
00111110010010011001000100110001 
00111110010011111101000001000011 
00111110010101100011000110011100 
00111110010111001011010010011010 
00111110011000110101100010010111 
00111110011010100001110011101011 
00111110011100010000000011101000 
00111110011110000000001111100001 
00111110011111110010010100100011 
00111110100000110011000111111100 
00111110100001101101111111010101 
00111110100010101001101110111101 
00111110100011100110010101010111 
00111110100100100011110001000010 
00111110100101100010000000011100 
00111110100110100001000010000011 
00111110100111100000110100010010 
00111110101000100001010101100100 
00111110101001100010100100010010 
00111110101010100100011110110101 
00111110101011100111000011100101 
00111110101100101010010000110110 
00111110101101101110000100111111 
00111110101110110010011110010011 
00111110101111110111011011000111 
00111110110000111100111001101100 
00111110110010000010111000010100 
00111110110011001001010101010000 
00111110110100010000001110101111 
00111110110101010111100011000011 
00111110110110011111010000010111 
00111110110111100111010100111100 
00111110111000101111101110111111 
00111110111001111000011100101100 
00111110111011000001011100001111 
00111110111100001010101011110110 
00111110111101010100001001101011 
00111110111110011101110011111010 
00111110111111100111101000101101 
00111111000000011000110011001000 
00111111000000111101110101010110 
00111111000001100010111010000111 
00111111000010001000000000011110 
00111111000010101101000111100010 
00111111000011010010001110010111 
00111111000011110111010100000011 
00111111000100011100010111101001 
00111111000101000001011000010001 
00111111000101100110010100111110 
00111111000110001011001100110101 
00111111000110101111111110111110 
00111111000111010100101010011100 
00111111000111111001001110010110 
00111111001000011101101001110001 
00111111001001000001111011110100 
00111111001001100110000011100101 
00111111001010001010000000001011 
00111111001010101101110000101100 
00111111001011010001010100001111 
00111111001011110100101001111101 
00111111001100010111110000111101 
00111111001100111010101000011000 
00111111001101011101001111010101 
00111111001101111111100100111101 
00111111001110100001101000011011 
00111111001111000011011000111001 
00111111001111100100110101011111 
00111111010000000101111101011011 
00111111010000100110101111110101 
00111111010001000111001011111100 
00111111010001100111010000111011 
00111111010010000110111101111110 
00111111010010100110010010010101 
00111111010011000101001101001100 
00111111010011100011101101110011 
00111111010100000001110011011010 
00111111010100011111011101010000 
00111111010100111100101010100111 
00111111010101011001011010110000 
00111111010101110101101100111101 
00111111010110010001100000100001 
00111111010110101100110100110000 
00111111010111000111101001000000 
00111111010111100001111100100100 
00111111010111111011101110110100 
00111111011000010100111111000111 
00111111011000101101101100110011 
00111111011001000101110111010011 
00111111011001011101011101111111 
00111111011001110100100000010011 
00111111011010001010111101101001 
00111111011010100000110101011110 
00111111011010110110000111001110 
00111111011011001010110010011001 
00111111011011011110110110011110 
00111111011011110010010010111100 
00111111011100000101000111010101 
00111111011100010111010011001010 
00111111011100101000110101111111 
00111111011100111001101111011000 
00111111011101001001111110111011 
00111111011101011001100100001100 
00111111011101101000011110110100 
00111111011101110110101110011011 
00111111011110000100010010101010 
00111111011110010001001011001100 
00111111011110011101010111101100 
00111111011110101000110111110111 
00111111011110110011101011011010 
00111111011110111101110010000100 
00111111011111000111001011100110 
00111111011111001111110111110000 
00111111011111010111110110010101 
00111111011111011111000111001000 
00111111011111100101101001111101 
00111111011111101011011110101001 
00111111011111110000100101000101 
00111111011111110100111101000111 
00111111011111111000100110101001 
00111111011111111011100001100100 
00111111011111111101101101110101 
00111111011111111111001011010111 
00111111011111111111111010001001 
00111111011111111111111010001001 
00111111011111111111001011010111 
00111111011111111101101101110101 
00111111011111111011100001100100 
00111111011111111000100110101001 
00111111011111110100111101000111 
00111111011111110000100101000101 
00111111011111101011011110101001 
00111111011111100101101001111101 
00111111011111011111000111001000 
00111111011111010111110110010101 
00111111011111001111110111110000 
00111111011111000111001011100110 
00111111011110111101110010000100 
00111111011110110011101011011010 
00111111011110101000110111110111 
00111111011110011101010111101100 
00111111011110010001001011001100 
00111111011110000100010010101010 
00111111011101110110101110011011 
00111111011101101000011110110100 
00111111011101011001100100001100 
00111111011101001001111110111011 
00111111011100111001101111011000 
00111111011100101000110101111111 
00111111011100010111010011001010 
00111111011100000101000111010101 
00111111011011110010010010111100 
00111111011011011110110110011110 
00111111011011001010110010011001 
00111111011010110110000111001110 
00111111011010100000110101011110 
00111111011010001010111101101001 
00111111011001110100100000010011 
00111111011001011101011101111111 
00111111011001000101110111010011 
00111111011000101101101100110011 
00111111011000010100111111000111 
00111111010111111011101110110100 
00111111010111100001111100100100 
00111111010111000111101001000000 
00111111010110101100110100110000 
00111111010110010001100000100001 
00111111010101110101101100111101 
00111111010101011001011010110000 
00111111010100111100101010100111 
00111111010100011111011101010000 
00111111010100000001110011011010 
00111111010011100011101101110011 
00111111010011000101001101001100 
00111111010010100110010010010101 
00111111010010000110111101111110 
00111111010001100111010000111011 
00111111010001000111001011111100 
00111111010000100110101111110101 
00111111010000000101111101011011 
00111111001111100100110101011111 
00111111001111000011011000111001 
00111111001110100001101000011011 
00111111001101111111100100111101 
00111111001101011101001111010101 
00111111001100111010101000011000 
00111111001100010111110000111101 
00111111001011110100101001111101 
00111111001011010001010100001111 
00111111001010101101110000101100 
00111111001010001010000000001011 
00111111001001100110000011100101 
00111111001001000001111011110100 
00111111001000011101101001110001 
00111111000111111001001110010110 
00111111000111010100101010011100 
00111111000110101111111110111110 
00111111000110001011001100110101 
00111111000101100110010100111110 
00111111000101000001011000010001 
00111111000100011100010111101001 
00111111000011110111010100000011 
00111111000011010010001110010111 
00111111000010101101000111100010 
00111111000010001000000000011110 
00111111000001100010111010000111 
00111111000000111101110101010110 
00111111000000011000110011001000 
00111110111111100111101000101101 
00111110111110011101110011111010 
00111110111101010100001001101011 
00111110111100001010101011110110 
00111110111011000001011100001111 
00111110111001111000011100101100 
00111110111000101111101110111111 
00111110110111100111010100111100 
00111110110110011111010000010111 
00111110110101010111100011000011 
00111110110100010000001110101111 
00111110110011001001010101010000 
00111110110010000010111000010100 
00111110110000111100111001101100 
00111110101111110111011011000111 
00111110101110110010011110010011 
00111110101101101110000100111111 
00111110101100101010010000110110 
00111110101011100111000011100101 
00111110101010100100011110110101 
00111110101001100010100100010010 
00111110101000100001010101100100 
00111110100111100000110100010010 
00111110100110100001000010000011 
00111110100101100010000000011100 
00111110100100100011110001000010 
00111110100011100110010101010111 
00111110100010101001101110111101 
00111110100001101101111111010101 
00111110100000110011000111111100 
00111110011111110010010100100011 
00111110011110000000001111100001 
00111110011100010000000011101000 
00111110011010100001110011101011 
00111110011000110101100010010111 
00111110010111001011010010011010 
00111110010101100011000110011100 
00111110010011111101000001000011 
00111110010010011001000100110001 
00111110010000110111010100000101 
00111110001111010111110001011010 
00111110001101111010011111001000 
00111110001100011111011111100011 
00111110001011000110110100111100 
00111110001001110000100001100000 
00111110001000011100100111011000 
00111110000111001011001000101000 
00111110000101111100000111010100 
00111110000100101111100101010111 
00111110000011100101100100101100 
00111110000010011110000111001001 
00111110000001011001001110011111 
00111110000000010110111100011011 
00111101111110101110100101001110 
00111101111100110100100101001111 
00111101111010111111111011111100 
00111101111001010000101100001110 
00111101110111100110111000110101 
00111101110110000010100100011011 
00111101110100100011110001011110 
00111101110011001010100010010100 
00111101110001110110111001001101 
00111101110000101000111000001100 
00111101101111100000100001001101 
00111101101110011101110110000100 
00111101101101100000111000011011 
00111101101100101001101001110010 
00111101101011111000001011100001 
00111101101011001100011110110111 
00111101101010100110100100111000 
00111101101010000110011110100011 
00111101101001101100001100101001 
00111101101001010111101111110011 
00111101101001001001001000100100 
00111101101001000000010111010001 
00111101101000111101011100001010 